special/frame_20111220T121002.835866.pcd
21
2
tilex_spray_bottle.ply
-0.00097892 0.000193146 -6.67044e-05 -0.180256 
0.000190932 0.000748266 -0.000635353 -0.081433 
-7.28019e-05 -0.00063468 -0.000769363 1.28792 
0 0 0 1 

tide.ply
-0.000528686 -0.00084612 -6.79942e-05 -0.313363 
-0.000573493 0.000415092 -0.000706284 -0.0295665 
0.000625811 -0.000334399 -0.000704681 1.24381 
0 0 0 1 

700.580.64.ply
0.000992654 7.99881e-05 9.09315e-05 0.185749 
-0.000119847 0.000756849 0.000642519 -0.197498 
-1.74269e-05 -0.000648687 0.000760872 1.07192 
0 0 0 1 

odwalla_jug.ply
0.000170353 0.000985066 2.56328e-05 0.312965 
0.000660367 -9.48147e-05 -0.000744947 -0.159264 
-0.000731378 0.000143824 -0.000666641 1.31096 
0 0 0 1 

963.111.00.dec.ply
0.000341759 0.00093877 4.40563e-05 0.265908 
-0.000715738 0.000229611 0.00065956 -0.224929 
0.000609047 -0.000256939 0.000750377 1.07603 
0 0 0 1 

000.921.13.dec.ply
0.000932686 0.000357437 4.86135e-05 -0.143174 
-0.000296376 0.00068248 0.000668139 0.107327 
0.000205634 -0.00063756 0.000742461 0.982396 
0 0 0 1 

600.832.62.ply
-0.000981302 -0.000108626 0.000158983 -0.22301 
-0.000187684 0.000723923 -0.000663872 0.256928 
-4.2975e-05 -0.000681291 -0.000730769 1.00698 
0 0 0 1 

801.348.21.dec.ply
-0.000998543 1.98341e-05 5.018e-05 0.171161 
1.95913e-05 -0.000733322 0.000679612 -0.0779802 
5.02741e-05 0.00067959 0.000731869 1.06242 
0 0 0 1 

201.327.78.ply
-0.000985459 -0.000157152 6.46042e-05 -0.150673 
0.000162186 -0.000756632 0.000633406 -0.0856843 
-5.06596e-05 0.000634674 0.000771118 1.07874 
0 0 0 1 

100.919.00-cup.ply
-0.000915788 0.000396979 6.14668e-05 0.194126 
-0.00025038 -0.000683728 0.000685455 0.0465889 
0.000314132 0.000612336 0.000725533 1.01462 
0 0 0 1 

800.919.49.dec.ply
0.000992502 -0.000101213 6.85294e-05 -0.262274 
3.22538e-05 0.00075765 0.000651864 0.0379376 
-0.000117898 -0.000644766 0.000755233 1.00141 
0 0 0 1 

200.572.55.ply
-0.000300055 0.000948923 9.76334e-05 0.0452344 
-0.000735962 -0.000295395 0.000609188 0.10514 
0.000606911 0.000110935 0.000787009 0.973016 
0 0 0 1 

300.151.23.ply
-0.000977998 -0.000185429 9.559e-05 -0.234137 
0.000202513 -0.000733817 0.000648461 -0.0646832 
-5.00978e-05 0.000653551 0.000755223 1.03405 
0 0 0 1 

300.834.71.ply
0.000984833 0.000149558 8.80698e-05 -0.0482618 
-0.000169249 0.000715115 0.000678224 -0.120832 
3.84516e-05 -0.000682839 0.000729572 1.10238 
0 0 0 1 

301.290.30.ply
0.000638343 0.000765875 7.73666e-05 0.284666 
-0.000571616 0.000404309 0.00071401 -0.0866188 
0.000515553 -0.000500003 0.000695857 1.0816 
0 0 0 1 

100.922.16.ply
0.000428885 0.000901794 5.33616e-05 0.0743675 
-0.000680622 0.000283731 0.000675473 -0.134584 
0.000593988 -0.000326018 0.000735464 1.11997 
0 0 0 1 

500.312.83.dec.ply
0.000888431 0.000453007 7.41244e-05 0.0761491 
-0.00037377 0.00062017 0.000689714 -0.0399899 
0.000266476 -0.000640468 0.000720284 1.06063 
0 0 0 1 

101.328.92.ply
-0.000335344 -0.000940905 4.75726e-05 -0.0970527 
0.000704055 -0.000216735 0.000676276 0.191683 
-0.00062601 0.000260278 0.000735129 0.92963 
0 0 0 1 

Brita_water_filter_pitcher_6cup_x2.ply
0.000707305 -0.000703423 -7.02751e-05 -0.044747 
-0.000534277 -0.00046682 -0.000704734 -0.151357 
0.000462914 0.000536002 -0.000705995 1.34953 
0 0 0 1 

pur_water_pitcher_filter.ply
-0.000574882 0.000817389 -3.74446e-05 0.147671 
0.000620283 0.000405499 -0.000671451 -0.162922 
-0.000533648 -0.000409223 -0.000740121 1.3309 
0 0 0 1 

200.580.66.ply
-0.000155823 0.00098766 1.67511e-05 0.306699 
-0.000732574 -0.000126918 0.000668767 0.0105312 
0.000662633 9.19332e-05 0.000743297 1.0412 
0 0 0 1 

