special/frame_20111221T142636.413299.pcd
12
1.6
all.ply
-0.00069422 -0.000719408 -2.33494e-05 -0.232655 
-0.000457269 0.000465841 -0.000757576 0.040651 
0.000555877 -0.000515241 -0.000652346 1.03944 
0 0 0 1 

red_mug.ply
0.000901886 -0.000431581 1.92589e-05 0.0887246 
0.000272388 0.000602683 0.00075007 0.0256724 
-0.000335316 -0.00067122 0.000661099 0.85718 
0 0 0 1 

peroxide.ply
-0.000386915 0.000921449 -3.52831e-05 -0.00559473 
0.000613575 0.000228698 -0.000755811 0.157929 
-0.000688364 -0.000314078 -0.000653859 0.891912 
0 0 0 1 

suave-3in1.ply
0.000955083 0.00029633 -5.306e-06 0.207218 
0.000183941 -0.000606696 -0.000773372 -0.00559109 
-0.000232392 0.000737651 -0.000633947 1.05948 
0 0 0 1 

clorox.ply
-7.41936e-06 -0.000998238 -5.91195e-05 -0.114438 
-0.000634953 5.03749e-05 -0.000770926 0.118389 
0.000772529 3.18165e-05 -0.0006342 0.948156 
0 0 0 1 

milkjug.ply
-0.000891704 -0.000450254 -4.63812e-05 -0.0982169 
-0.000290734 0.000648282 -0.000703711 0.0369416 
0.000346916 -0.000614017 -0.000708977 1.16644 
0 0 0 1 

tide.ply
-0.000469819 -0.000877419 -9.7124e-05 -0.313828 
-0.000516832 0.000362582 -0.000775529 0.0945739 
0.000715667 -0.000314153 -0.000623818 0.979772 
0 0 0 1 

milk_carton.ply
-0.000852758 -0.000510081 -0.000112435 0.0421273 
-0.000282691 0.000631716 -0.000721828 -0.0703391 
0.000439212 -0.000583753 -0.000682887 1.14866 
0 0 0 1 

simple_green.ply
-0.000655005 -0.000754215 -4.6333e-05 -0.240908 
-0.000479314 0.000462096 -0.000746151 0.16969 
0.000584162 -0.000466516 -0.000664177 0.900289 
0 0 0 1 

tilex_spray_bottle.ply
-0.000911876 -0.000400034 -9.21187e-05 -0.00530937 
-0.000208079 0.000643868 -0.000736332 0.0545 
0.00035386 -0.000652256 -0.000670357 1.01178 
0 0 0 1 

odwalla_jug.ply
-0.0003892 -0.000921144 -7.08146e-06 0.162073 
-0.000594894 0.00025721 -0.000761561 -0.0819234 
0.000703315 -0.000292184 -0.000648083 1.14982 
0 0 0 1 

all-small.ply
0.000432566 -0.000900152 -5.1333e-05 0.0918559 
-0.00058545 -0.000237124 -0.000775258 0.0123802 
0.000685678 0.000365405 -0.000629553 1.04631 
0 0 0 1 

