occlusions/frame_20111220T114413.016266.pcd
4
1.8
clorox.ply
0.000988348 0.000152309 -1.55447e-06 -0.0729567 
0.000112394 -0.000736153 -0.000667433 0.178609 
-0.000102799 0.000659472 -0.000744686 1.3993 
0 0 0 1 

pur_water_pitcher_filter.ply
-0.000981766 0.000183761 -4.90477e-05 -0.235205 
0.00017261 0.000752549 -0.000635535 0.112778 
-7.98757e-05 -0.000632406 -0.000770532 1.46178 
0 0 0 1 

600.832.62.ply
-0.000513188 0.000856067 6.16517e-05 0.139633 
0.000484316 0.000348145 -0.000802641 0.0244514 
-0.000708578 -0.000382047 -0.000593269 1.51698 
0 0 0 1 

200.580.66.ply
-0.000836899 0.000546356 3.30947e-05 0.0270078 
-0.000405999 -0.00066018 0.000631923 -0.140889 
0.000367103 0.00051542 0.000774324 1.52655 
0 0 0 1 

