occlusions/frame_20111220T114628.408278.pcd
4
1.6
300.151.23.ply
-0.000996135 -3.84991e-05 7.92258e-05 -0.067165 
8.71098e-05 -0.000563982 0.000821196 -0.103992 
1.30666e-05 0.000824903 0.000565145 1.05237 
0 0 0 1 

201.327.78.ply
-0.000996796 -7.08883e-05 3.7641e-05 0.122728 
7.27225e-05 -0.000599228 0.000797295 -0.080396 
-3.39642e-05 0.000797455 0.000602446 1.04408 
0 0 0 1 

800.919.49.dec.ply
0.00099601 6.69638e-05 5.92283e-05 0.172685 
-8.65705e-05 0.000557038 0.000825976 -0.175416 
2.23135e-05 -0.000827799 0.000560609 1.19355 
0 0 0 1 

100.919.00-cup.ply
0.000480237 -0.000876315 3.82187e-05 -0.0167708 
0.000500123 0.00030935 0.000808827 -0.15622 
-0.000720597 -0.000369313 0.000586819 1.26716 
0 0 0 1 

