occlusions/frame_20111220T115232.273903.pcd
4
1.7
300.834.71.ply
0.000646711 -0.000762208 -2.87737e-05 0.0276158 
0.000406379 0.000312386 0.000858652 -0.0728458 
-0.000645476 -0.000566986 0.000511765 0.748043 
0 0 0 1 

000.921.13.dec.ply
0.000973902 -0.000225183 -2.88422e-05 -0.171698 
0.000146824 0.000527862 0.000836559 -0.00687462 
-0.000173158 -0.000818956 0.000547144 0.736707 
0 0 0 1 

Brita_water_filter_pitcher_6cup_x2.ply
-0.000241617 -0.000970003 -2.73273e-05 0.00256576 
-0.000504021 0.000149511 -0.000850671 -0.0648142 
0.000829225 -0.000191758 -0.000525018 1.03073 
0 0 0 1 

500.312.83.dec.ply
0.000957877 -0.000282886 -4.97638e-05 -0.14272 
0.000191369 0.00049934 0.000845018 -0.155298 
-0.000214192 -0.000818936 0.000532433 0.913997 
0 0 0 1 

