occlusions/frame_20111221T142413.808534.pcd
4
1.7
clorox.ply
-0.000115252 0.000980325 -0.000160383 0.178148 
0.000656725 -4.59444e-05 -0.000752752 0.186644 
-0.000745296 -0.000192082 -0.000638494 1.24284 
0 0 0 1 

tilex_spray_bottle.ply
-0.000295169 -0.000926753 -0.000232474 0.188198 
-0.000509106 0.000358449 -0.000782534 -0.00330068 
0.000808528 -0.000112623 -0.000577606 1.44839 
0 0 0 1 

suave-3in1.ply
0.000915664 -0.000360431 -0.00017803 0.106804 
-0.000345762 -0.000480196 -0.000806171 0.0787204 
0.000205077 0.000799713 -0.000564316 1.37268 
0 0 0 1 

peroxide.ply
0.000925885 -0.000361836 -0.00010882 -0.00234634 
-0.000306458 -0.000550661 -0.000776452 -0.0101315 
0.000221022 0.00075224 -0.00062073 1.50296 
0 0 0 1 

