occlusions/frame_20111221T142149.770360.pcd
4
1.6
simple_green.ply
-0.000999275 3.45149e-05 -1.66575e-05 -0.16637 
2.53431e-05 0.000269078 -0.000962797 0.207823 
-2.87473e-05 -0.000962513 -0.000269754 1.05978 
0 0 0 1 

peroxide.ply
0.000176958 0.000984224 2.08495e-06 -0.0895032 
0.000251529 -4.31743e-05 -0.000966903 0.171972 
-0.000951548 0.000171621 -0.000255199 1.16822 
0 0 0 1 

red_mug.ply
0.000708177 0.000705887 1.50414e-05 0.141791 
-0.000203867 0.000184039 0.000961559 0.0507875 
0.000675972 -0.000684009 0.000274234 1.13823 
0 0 0 1 

all-small.ply
-0.000502622 0.000864188 -2.39543e-05 0.0708801 
0.000274764 0.000133408 -0.000952226 0.125183 
-0.000819692 -0.000485182 -0.000304499 1.2956 
0 0 0 1 

