occlusions/frame_20111220T120147.910222.pcd
3
1.4
tide.ply
0.000157707 -0.000986486 -4.47037e-05 0.0305172 
-0.000678275 -7.53109e-05 -0.000730957 0.0472507 
0.000717699 0.000145596 -0.000680978 0.935053 
0 0 0 1 

Brita_water_filter_pitcher_6cup_x2.ply
0.00080004 -0.000597374 -5.57991e-05 -0.157546 
-0.000429864 -0.000505838 -0.000747912 0.0153461 
0.000418553 0.000622331 -0.000661469 1.00351 
0 0 0 1 

pur_water_pitcher_filter.ply
-0.000318937 -0.000935795 -0.000150319 -0.0777283 
-0.000630137 0.000327831 -0.000703904 -0.0859406 
0.000707977 -0.000129776 -0.000694224 1.10756 
0 0 0 1 

