occlusions/frame_20111220T120202.414337.pcd
3
1.6
tide.ply
0.000993087 0.000116967 -1.13569e-05 -0.192045 
6.66532e-05 -0.00064021 -0.000765324 -0.0162765 
-9.67892e-05 0.000759263 -0.00064357 1.14408 
0 0 0 1 

Brita_water_filter_pitcher_6cup_x2.ply
-0.000511622 -0.000858349 -3.9171e-05 -0.165615 
-0.000521569 0.000346465 -0.000779722 -0.11539 
0.000682833 -0.00037848 -0.000624927 1.27477 
0 0 0 1 

pur_water_pitcher_filter.ply
0.000939612 -0.000341503 -2.32432e-05 0.02478 
-0.000223987 -0.000562081 -0.000796201 -0.0905879 
0.000258834 0.000753308 -0.000604624 1.22567 
0 0 0 1 

