occlusions/frame_20111220T115302.940896.pcd
4
1.7
300.834.71.ply
0.000973968 0.000215281 7.12407e-05 0.0394045 
-0.000187941 0.000590566 0.000784811 -0.234898 
0.000126879 -0.000777749 0.000615646 1.32086 
0 0 0 1 

000.921.13.dec.ply
0.000839209 0.000539395 6.9288e-05 0.219903 
-0.000383869 0.000497287 0.000778061 -0.133223 
0.000385213 -0.000679539 0.000624378 1.27259 
0 0 0 1 

500.312.83.dec.ply
0.00074013 0.000672023 2.48801e-05 0.0516992 
-0.000441951 0.000458189 0.00077121 -0.043195 
0.00050686 -0.000581781 0.000636112 1.14924 
0 0 0 1 

Brita_water_filter_pitcher_6cup_x2.ply
-0.000437273 0.000899338 1.50556e-06 -0.0916437 
0.000608186 0.000296945 -0.000736172 0.0234403 
-0.0006625 -0.00032099 -0.000676806 1.28611 
0 0 0 1 

