occlusions/frame_20111221T142049.534583.pcd
3
1.7
milk_carton.ply
-0.000865385 -0.000474022 -0.000162596 -0.0298123 
-0.000162403 0.000572226 -0.000803869 0.0625414 
0.000474086 -0.000669243 -0.000572168 1.28044 
0 0 0 1 

milkjug.ply
-0.000422759 -0.000891613 -0.000162256 0.165038 
-0.000461191 0.000365788 -0.000808415 0.182938 
0.000780129 -0.000266927 -0.000565837 1.22078 
0 0 0 1 

suave-3in1.ply
0.000991254 -6.24012e-05 -0.000116272 0.26331 
-0.000131327 -0.000552438 -0.000823155 -0.0182038 
-1.28664e-05 0.000831229 -0.0005558 1.31703 
0 0 0 1 

