occlusions/frame_20111221T142537.928074.pcd
4
1.7
odwalla_jug.ply
0.000725516 -0.000680614 -0.00010208 0.305849 
-0.000408002 -0.0003059 -0.000860231 0.0348028 
0.000554248 0.000665747 -0.000499621 1.35181 
0 0 0 1 

milkjug.ply
-0.000160183 0.000985525 -5.58399e-05 0.0554973 
0.000524271 3.70085e-05 -0.000850761 0.204724 
-0.000836366 -0.00016555 -0.0005226 1.28422 
0 0 0 1 

red_mug.ply
0.000667966 0.000740618 7.30167e-05 0.187068 
-0.000401479 0.000275994 0.000873303 -0.0877182 
0.000626626 -0.000612646 0.000481691 1.33525 
0 0 0 1 

milk_carton.ply
0.000953071 -0.000298112 -5.28691e-05 -0.0721626 
-0.000183749 -0.000430763 -0.000883559 0.104532 
0.000240627 0.000851812 -0.000465323 1.30307 
0 0 0 1 

