occlusions/frame_20111220T114051.053321.pcd
4
1.6
200.572.55.ply
0.000247161 0.000968977 -4.60966e-06 -0.216728 
-0.000805509 0.000208102 0.00055485 -0.0955257 
0.000538587 -0.000133421 0.000831941 0.899045 
0 0 0 1 

963.111.00.dec.ply
0.000818059 0.000574762 2.09412e-05 0.136501 
-0.000472107 0.000650259 0.000595229 -0.201535 
0.000328497 -0.000496815 0.000803295 0.809222 
0 0 0 1 

801.348.21.dec.ply
-0.0008235 0.000566993 1.94961e-05 0.114176 
-0.00044569 -0.000667813 0.000596149 -0.0183944 
0.000351029 0.000482231 0.000802644 0.779541 
0 0 0 1 

301.290.30.ply
0.000934888 0.000352243 4.37409e-05 -0.351226 
-0.000304559 0.000732764 0.000608534 -0.0419759 
0.000182297 -0.000582239 0.000792319 0.830098 
0 0 0 1 

