occlusions/frame_20111220T120142.169847.pcd
3
1.4
tide.ply
0.000844201 -0.000519658 -0.000131566 0.0511647 
-0.000456428 -0.000568096 -0.000684804 -0.0224829 
0.000281125 0.000638164 -0.000716761 0.949737 
0 0 0 1 

Brita_water_filter_pitcher_6cup_x2.ply
0.000937594 0.000331449 -0.000105222 -0.00284147 
0.000179801 -0.000721051 -0.000669156 -0.160574 
-0.000297656 0.000608475 -0.000735641 1.09765 
0 0 0 1 

pur_water_pitcher_filter.ply
0.000570036 -0.000805514 -0.000161925 0.154576 
-0.000646153 -0.00031777 -0.000693919 -0.199666 
0.000507501 0.000500181 -0.000701622 1.08489 
0 0 0 1 

