occlusions/frame_20111220T115430.348560.pcd
4
1.6
300.151.23.ply
-0.000820243 0.000567038 7.53327e-05 0.0289313 
-0.000365233 -0.000620518 0.000693954 -0.199218 
0.00044024 0.000541694 0.000716076 0.762041 
0 0 0 1 

800.919.49.dec.ply
0.000606432 -0.00079203 7.04675e-05 -0.0732091 
0.000574402 0.000497631 0.000649954 -0.164218 
-0.000549841 -0.00035367 0.000756715 0.795047 
0 0 0 1 

201.327.78.ply
-0.000803696 0.000594416 2.77711e-05 0.13746 
-0.00043271 -0.000615819 0.00065845 -0.195067 
0.000408488 0.000517166 0.00075213 0.781685 
0 0 0 1 

963.111.00.dec.ply
0.00087961 0.000470228 7.20411e-05 -0.193748 
-0.00039262 0.000632088 0.000668081 -0.2026 
0.00026861 -0.00061593 0.00074061 0.734489 
0 0 0 1 

