occlusions/frame_20111220T114846.520256.pcd
3
1.5
tilex_spray_bottle.ply
-0.000399543 0.000916598 -1.57201e-05 0.0300783 
0.000609109 0.000252616 -0.000751804 0.147949 
-0.000685112 -0.000309944 -0.000659225 1.15997 
0 0 0 1 

tide.ply
0.000225853 0.000973611 -3.31308e-05 -0.0672331 
0.000625408 -0.000170983 -0.000761339 -0.0306365 
-0.00074691 0.000151231 -0.00064751 1.36413 
0 0 0 1 

800.921.09.ply
0.000971251 0.000235556 3.4845e-05 0.120636 
-0.000176165 0.000612365 0.000770716 -0.157052 
0.000160206 -0.000754679 0.000636248 1.34878 
0 0 0 1 

