occlusions/frame_20111220T114557.353958.pcd
4
1.5
300.151.23.ply
-0.000638627 0.00076686 6.4051e-05 0.0334212 
-0.000454168 -0.000442795 0.00077311 -0.37748 
0.000621219 0.000464632 0.000631059 0.942906 
0 0 0 1 

800.919.49.dec.ply
0.000500802 -0.000863774 5.57603e-05 -0.118659 
0.000558038 0.000371443 0.00074205 -0.186735 
-0.000661667 -0.000340499 0.000668033 0.796631 
0 0 0 1 

201.327.78.ply
-0.000727143 0.000686363 1.3885e-05 -0.145507 
-0.000460469 -0.000502629 0.000731681 -0.309309 
0.000509167 0.000525633 0.000681524 0.917926 
0 0 0 1 

100.919.00-cup.ply
-0.000858312 0.000507962 7.28039e-05 0.0796082 
-0.000268905 -0.000566064 0.000779284 -0.178537 
0.000437051 0.000649281 0.000622443 0.845647 
0 0 0 1 

