occlusions/frame_20111221T142031.994106.pcd
3
1.7
milk_carton.ply
0.00099959 -2.40251e-05 1.66348e-05 0.136981 
-3.42184e-06 -0.000661639 -0.000749828 -0.0744882 
2.90191e-05 0.000749453 -0.000661435 0.890029 
0 0 0 1 

milkjug.ply
0.000793355 0.000607989 -3.08523e-05 -0.0687888 
0.00040419 -0.000563969 -0.000720124 -0.0208533 
-0.000455225 0.000558839 -0.000693165 0.964502 
0 0 0 1 

suave-3in1.ply
0.000548382 0.000836196 9.12809e-06 -0.0728563 
0.000572574 -0.000367497 -0.000732882 0.0706334 
-0.000609469 0.000407119 -0.000680303 0.740688 
0 0 0 1 

