occlusions/frame_20111220T114827.329624.pcd
3
1.6
tilex_spray_bottle.ply
0.000441535 -0.000894573 -6.93041e-05 -0.0119926 
-0.000594957 -0.00023408 -0.000768933 -0.20786 
0.000671636 0.000380738 -0.000635583 1.18335 
0 0 0 1 

800.921.09.ply
0.000793747 -0.000607737 2.52786e-05 -0.130574 
0.000406322 0.000560695 0.000721491 -0.0359409 
-0.000452646 -0.000562404 0.000691985 0.875219 
0 0 0 1 

tide.ply
-0.00011672 -0.000992747 -2.92989e-05 0.059454 
-0.000659797 9.95583e-05 -0.000744838 -0.0181626 
0.000742344 -6.76059e-05 -0.000666618 0.982833 
0 0 0 1 

