occlusions/frame_20111221T142303.479339.pcd
3
1.6
all.ply
-6.84912e-05 0.000997654 1.59304e-07 0.243136 
0.000452936 3.12381e-05 -0.000891005 -0.150046 
-0.000888915 -6.095e-05 -0.00045401 1.53489 
0 0 0 1 

tide.ply
-0.000275548 0.000961309 -1.5082e-06 0.125606 
0.000455183 0.000129093 -0.00088101 -0.0612778 
-0.000846709 -0.000243441 -0.000473131 1.37071 
0 0 0 1 

odwalla_jug.ply
-0.000944428 0.000328743 5.60964e-06 -0.0365028 
0.000150797 0.000448256 -0.000881112 0.0251427 
-0.000292166 -0.000831283 -0.000472905 1.23586 
0 0 0 1 

