occlusions/frame_20111220T115946.415206.pcd
4
1.4
200.572.55.ply
0.000489511 0.000856547 0.000163509 0.0646315 
-0.000770541 0.000337091 0.000540969 -0.267062 
0.000408243 -0.000390797 0.000825009 0.942781 
0 0 0 1 

800.921.09.ply
0.000583051 -0.000807127 9.28387e-05 0.139201 
0.000628517 0.000520508 0.000577967 -0.117389 
-0.000514817 -0.000278633 0.000810768 0.832497 
0 0 0 1 

600.832.62.ply
-0.000432512 -0.000901308 -2.46607e-05 -0.181309 
-0.000825104 0.000406677 -0.000392233 -0.127835 
0.000363542 -0.000149295 -0.000919547 1.0013 
0 0 0 1 

200.580.66.ply
0.000409235 0.000907525 9.46196e-05 -0.102472 
-0.000769354 0.000287445 0.000570521 -0.253643 
0.000490556 -0.000306268 0.000815835 0.95269 
0 0 0 1 

