occlusions/frame_20111220T114103.985982.pcd
4
1.6
200.572.55.ply
0.00042715 0.000901601 6.84713e-05 -0.275904 
-0.000775703 0.000326485 0.000540116 0.0629675 
0.000464607 -0.000283821 0.00083882 0.869147 
0 0 0 1 

301.290.30.ply
0.000987928 0.000136964 7.25829e-05 -0.296103 
-0.000154941 0.000858559 0.00048876 0.188377 
4.62315e-06 -0.000494102 0.000869405 0.77309 
0 0 0 1 

963.111.00.dec.ply
0.000889227 0.000453401 6.1127e-05 -0.0854845 
-0.000424943 0.000769034 0.000477537 -0.261321 
0.000169504 -0.000450608 0.000876505 0.883425 
0 0 0 1 

801.348.21.dec.ply
-0.000636692 0.00076874 6.06389e-05 0.0349411 
-0.000654067 -0.000580019 0.000485576 -0.1157 
0.000408456 0.000269503 0.000872095 0.892044 
0 0 0 1 

