occlusions/frame_20111220T120006.581890.pcd
4
1.6
200.572.55.ply
-0.000806919 0.000589249 4.09435e-05 0.0325151 
-0.00029509 -0.000462203 0.000836248 0.0911257 
0.000511679 0.000662698 0.000546841 1.2588 
0 0 0 1 

800.921.09.ply
0.000801149 0.000597214 3.8621e-05 -0.135918 
-0.000390664 0.000472998 0.000789726 0.050591 
0.000453371 -0.000647779 0.00061225 1.31899 
0 0 0 1 

600.832.62.ply
0.000730383 0.000625329 -0.000274829 0.178486 
0.000163052 -0.000550335 -0.000818881 0.0400779 
-0.000663308 0.000553278 -0.00050391 1.48103 
0 0 0 1 

200.580.66.ply
-0.000854036 0.000520052 1.40239e-05 0.156577 
-0.000312611 -0.000534544 0.000785206 0.0286977 
0.000415838 0.0006662 0.000619084 1.33121 
0 0 0 1 

