no_occlusions/frame_20111220T112020.892623.pcd
3
1.5
600.832.62.ply
-0.000873015 -0.000483714 6.23817e-05 -0.100903 
-0.000433922 0.000711944 -0.000552152 -0.2864 
0.00022267 -0.000509102 -0.000831422 1.34198 
0 0 0 1 

200.572.55.ply
2.97838e-05 0.000994931 9.61933e-05 0.21836 
-0.000787064 -3.59777e-05 0.000615827 -0.108289 
0.000616161 -9.40507e-05 0.000782 1.0206 
0 0 0 1 

100.919.00-cup.ply
-0.000994615 6.73907e-05 7.88816e-05 -0.303992 
6.56177e-07 -0.000756221 0.000654324 -0.0867279 
0.00010375 0.000650851 0.000752102 1.06066 
0 0 0 1 

