no_occlusions/frame_20111221T141435.471554.pcd
3
1.5
milkjug.ply
-9.25734e-05 0.00099568 -9.8187e-06 0.275599 
0.000648506 5.2808e-05 -0.00075939 -0.0564246 
-0.000755579 -7.66663e-05 -0.000650576 1.30612 
0 0 0 1 

all-small.ply
0.000260644 -0.000961185 -9.06275e-05 -0.332794 
-0.000616 -9.32894e-05 -0.000782227 -0.0208846 
0.000743392 0.000259704 -0.000616393 1.17202 
0 0 0 1 

peroxide.ply
-0.000482102 0.000873742 -6.43519e-05 0.0315924 
0.000591051 0.000270145 -0.000760059 0.0884497 
-0.000646714 -0.000404464 -0.000646666 1.02019 
0 0 0 1 

