no_occlusions/frame_20111220T112205.131714.pcd
4
1.5
tilex_spray_bottle.ply
-0.000810517 0.000585735 1.93481e-06 -0.420821 
0.000484957 0.000672908 -0.000558599 -0.136099 
-0.000328493 -0.000451814 -0.000829443 1.0763 
0 0 0 1 

300.151.23.ply
-0.000957729 0.000287299 1.55204e-05 -0.27663 
-0.000216881 -0.000756341 0.000617192 0.0850076 
0.000189058 0.000587736 0.000786667 0.699955 
0 0 0 1 

201.327.78.ply
-0.000950053 0.000312065 4.68949e-06 0.0315218 
-0.000259911 -0.000799418 0.000541669 -0.0917439 
0.000172782 0.000513394 0.000840597 0.852042 
0 0 0 1 

101.328.92.ply
-0.000736225 -0.000676448 -2.02176e-05 -0.0175437 
0.000555704 -0.000621326 0.000552425 -0.368292 
-0.000386233 0.000395462 0.000833334 1.13052 
0 0 0 1 

