no_occlusions/frame_20111220T111228.492914.pcd
4
1.8
963.111.00.dec.ply
-0.000315764 0.000948847 -1.11065e-06 0.2572 
-0.000517953 -0.000171388 0.000838088 0.0409356 
0.000795014 0.000265213 0.000545572 1.16145 
0 0 0 1 

200.580.66.ply
-0.000933834 0.00035635 3.15769e-05 -0.00717932 
-0.000194057 -0.000578718 0.000792121 0.199086 
0.000300539 0.000733545 0.000609569 1.17729 
0 0 0 1 

Brita_water_filter_pitcher_6cup_x2.ply
0.000977045 -0.000212626 -1.41129e-05 -0.245536 
-0.000128406 -0.000534594 -0.000835311 0.138504 
0.000170061 0.000817937 -0.000549617 1.4488 
0 0 0 1 

800.921.09.ply
0.000742925 0.000669337 -8.43079e-06 0.136048 
-0.000389498 0.000442496 0.00080778 -0.0800282 
0.000544398 -0.000596826 0.000589443 1.52767 
0 0 0 1 

