no_occlusions/frame_20111220T112351.306989.pcd
3
1.5
pur_water_pitcher_filter.ply
0.000960891 -0.000263956 -8.38305e-05 0.14537 
-0.000257391 -0.000739461 -0.000622058 -0.32439 
0.0001022 0.000619303 -0.000778484 1.3563 
0 0 0 1 

tide.ply
0.000582266 -0.000807654 -9.32608e-05 -0.0296719 
-0.000673615 -0.000415008 -0.000611588 0.0473318 
0.000455239 0.000418925 -0.000785674 1.11382 
0 0 0 1 

clorox.ply
0.00056147 0.000823523 -8.11886e-05 -0.299377 
0.000644449 -0.000496695 -0.000581394 -0.153379 
-0.000519101 0.000274104 -0.000809592 1.29308 
0 0 0 1 

