no_occlusions/frame_20111221T141613.496728.pcd
3
1.7
tide.ply
0.000461799 0.000886485 3.03153e-05 -0.256306 
0.000481029 -0.000221576 -0.000848264 0.0996242 
-0.000745235 0.000406299 -0.000528738 1.49207 
0 0 0 1 

odwalla_jug.ply
0.000697883 0.00071587 2.30681e-05 0.00959749 
0.000385832 -0.000348613 -0.000854192 0.224502 
-0.000603432 0.000605009 -0.000519485 1.32509 
0 0 0 1 

clorox.ply
0.000448344 -0.000893829 8.48038e-06 0.295467 
-0.000448825 -0.000233313 -0.000862631 0.0744151 
0.000773026 0.000382948 -0.000505771 1.55018 
0 0 0 1 

