no_occlusions/frame_20111220T112744.621788.pcd
3
1.7
300.834.71.ply
0.000862593 0.00049388 0.000109673 -0.0420456 
-0.000404545 0.000543185 0.000735744 0.048394 
0.000303793 -0.000679005 0.00066834 1.17181 
0 0 0 1 

800.919.49.dec.ply
0.000901863 0.000426037 7.18063e-05 -0.27576 
-0.000354198 0.000633906 0.000687562 -0.203172 
0.000247404 -0.000645509 0.000722594 1.4646 
0 0 0 1 

100.922.16.ply
-0.000135698 0.000990104 3.64827e-05 0.17478 
-0.000668877 -0.000118711 0.000733854 -0.198839 
0.000730904 7.51781e-05 0.000678346 1.41439 
0 0 0 1 

