no_occlusions/frame_20111221T141859.128741.pcd
4
2
simple_green.ply
0.000961285 -0.00026045 -9.01104e-05 0.0233116 
-0.00024885 -0.00067976 -0.000689947 -0.00709454 
0.000118443 0.000685649 -0.000718251 1.17882 
0 0 0 1 

milk_carton.ply
-0.000918918 0.000383414 -9.27373e-05 -0.335933 
0.000347015 0.000673917 -0.000652261 0.126138 
-0.000187588 -0.000631546 -0.00075232 1.09753 
0 0 0 1 

all-small.ply
-0.000288932 -0.000954665 -7.18709e-05 0.211546 
-0.000659896 0.000252984 -0.00070751 -0.213808 
0.000693601 -0.000156993 -0.000703065 1.34014 
0 0 0 1 

odwalla_jug.ply
0.000942574 -0.000323834 -8.18741e-05 -0.284309 
-0.000288062 -0.000664 -0.000690025 -0.197162 
0.000169087 0.000673974 -0.000719143 1.37873 
0 0 0 1 

