no_occlusions/frame_20111220T112731.350644.pcd
3
1.7
300.834.71.ply
0.000894777 -0.000434429 0.000103389 -0.364097 
0.000271539 0.000713102 0.000646363 -0.0591688 
-0.000354523 -0.000550268 0.000756011 0.900043 
0 0 0 1 

800.919.49.dec.ply
0.000815621 -0.000571064 9.31083e-05 0.0278769 
0.000404621 0.000677964 0.000613746 -0.262204 
-0.000413603 -0.000462898 0.000784017 1.0285 
0 0 0 1 

100.922.16.ply
0.000948821 0.000306562 7.60012e-05 -0.00282888 
-0.000288371 0.000742683 0.000604393 0.096917 
0.000128838 -0.00059537 0.00079307 0.761443 
0 0 0 1 

