no_occlusions/frame_20111220T112426.359033.pcd
3
1.7
tide.ply
-0.000678526 0.000730943 -7.31011e-05 -0.0381288 
0.000526708 0.000414721 -0.000742022 -0.215544 
-0.000512064 -0.00054198 -0.000666387 1.51971 
0 0 0 1 

pur_water_pitcher_filter.ply
-0.000982898 0.000163098 -8.57775e-05 -0.27158 
0.000172803 0.000654006 -0.000736508 0.0769965 
-6.40294e-05 -0.000738719 -0.000670983 1.23768 
0 0 0 1 

clorox.ply
-0.000415889 -0.000905686 -8.24152e-05 0.195546 
-0.00054808 0.000321927 -0.000772014 -0.014124 
0.000725723 -0.000275897 -0.000630267 1.29149 
0 0 0 1 

