no_occlusions/frame_20111220T113326.646049.pcd
4
1.6
963.111.00.dec.ply
0.000829214 0.000556034 5.68804e-05 -0.370387 
-0.000489096 0.000672578 0.000555368 -0.231584 
0.000270544 -0.000488343 0.000829662 0.857316 
0 0 0 1 

000.921.13.dec.ply
0.000969948 -0.00023948 4.32176e-05 -0.223224 
0.000190378 0.000857394 0.000478174 0.0955479 
-0.000151571 -0.000455573 0.000877214 0.794063 
0 0 0 1 

tide.ply
0.000913516 -0.000405239 -3.59305e-05 0.267935 
-0.000355761 -0.000752877 -0.000553742 -0.110745 
0.000197348 0.000518633 -0.000831924 1.00129 
0 0 0 1 

200.572.55.ply
0.000402244 0.000913621 5.92717e-05 -0.0883105 
-0.000794403 0.000316107 0.000518665 -0.193516 
0.000455122 -0.000255713 0.000852926 0.961254 
0 0 0 1 

