no_occlusions/frame_20111220T112723.705773.pcd
3
1.7
300.834.71.ply
0.000774413 -0.000628076 7.61349e-05 -0.164192 
0.000455986 0.000637502 0.000621022 -0.315731 
-0.00043859 -0.000446217 0.00078008 0.993046 
0 0 0 1 

100.922.16.ply
0.000438286 -0.000893759 9.55086e-05 -0.24866 
0.000700846 0.000406334 0.00058628 0.0263756 
-0.000562803 -0.000190019 0.000804469 0.774374 
0 0 0 1 

800.919.49.dec.ply
0.000708931 -0.000703331 5.25025e-05 0.189504 
0.000552271 0.000599884 0.000578918 -0.0743802 
-0.000438667 -0.000381418 0.000813698 0.806035 
0 0 0 1 

