no_occlusions/frame_20111220T113527.780935.pcd
5
1.8
300.834.71.ply
0.000962017 -0.000234879 0.000139146 0.198362 
8.62466e-05 0.00074507 0.000661393 -0.29286 
-0.000259022 -0.000624277 0.000737022 1.13672 
0 0 0 1 

101.328.92.ply
-0.000659064 0.000737085 0.000149549 -0.148092 
-0.0005338 -0.000598505 0.000597398 -0.156387 
0.000529827 0.000313884 0.000787899 1.1822 
0 0 0 1 

100.922.16.ply
-0.000284303 -0.000945636 0.000157982 -0.247327 
0.000773902 -0.000129081 0.000620009 0.0622703 
-0.000565921 0.00029854 0.00076852 0.955613 
0 0 0 1 

pur_water_pitcher_filter.ply
0.000802017 0.000586933 -0.000110925 -0.448611 
0.000386793 -0.000651825 -0.000652334 -0.134825 
-0.00045517 0.000480272 -0.000749785 1.32129 
0 0 0 1 

200.580.66.ply
-0.000129058 0.00098526 0.000112429 0.191934 
-0.00077133 -0.000170996 0.000613067 0.0266039 
0.00062325 -7.59485e-06 0.000782009 0.972154 
0 0 0 1 

