no_occlusions/frame_20111220T111213.651737.pcd
4
1.8
Brita_water_filter_pitcher_6cup_x2.ply
-0.00092281 0.000373357 -9.51397e-05 0.387212 
0.00036111 0.000752001 -0.000551473 -0.0395079 
-0.000134352 -0.00054325 -0.000828774 1.10264 
0 0 0 1 

963.111.00.dec.ply
0.000558879 0.000823106 0.000100854 -0.162578 
-0.000687736 0.000392101 0.000610975 -0.224681 
0.000463343 -0.000410815 0.000785207 1.02721 
0 0 0 1 

200.580.66.ply
-0.000161023 0.000976715 0.000141822 0.0995177 
-0.000739948 -0.000214563 0.000637531 -0.252378 
0.000653098 -2.28301e-06 0.000757265 1.172 
0 0 0 1 

800.921.09.ply
0.000873586 -0.000467684 0.000134702 0.0408643 
0.00027882 0.000707764 0.000649099 0.127858 
-0.000398911 -0.000529486 0.000748682 0.884227 
0 0 0 1 

