no_occlusions/frame_20111220T111153.549117.pcd
4
1.8
800.921.09.ply
0.000718531 -0.000694451 3.80221e-05 0.0393542 
0.000340962 0.000399382 0.000851033 0.00671429 
-0.000606189 -0.000598536 0.000523751 0.736575 
0 0 0 1 

963.111.00.dec.ply
0.000907719 0.000419056 2.14543e-05 -0.303801 
-0.000241653 0.000480278 0.000843189 -0.211418 
0.000343033 -0.000770549 0.000537218 0.872266 
0 0 0 1 

Brita_water_filter_pitcher_6cup_x2.ply
-0.000661341 0.000750091 1.94377e-06 0.21325 
0.000422076 0.000374273 -0.000825705 -0.114822 
-0.000620085 -0.000545246 -0.000564112 1.11771 
0 0 0 1 

200.580.66.ply
0.000482234 0.000873414 6.78939e-05 -0.137877 
-0.000511263 0.000217651 0.000831419 -0.224628 
0.000711386 -0.000435641 0.000551504 1.11913 
0 0 0 1 

