no_occlusions/frame_20111221T141916.067163.pcd
4
1.8
simple_green.ply
-0.000995654 9.33019e-05 -1.80444e-09 -0.175454 
5.95278e-05 0.000635225 -0.00077006 0.0936459 
-7.18457e-05 -0.000766686 -0.000638006 1.53306 
0 0 0 1 

milk_carton.ply
-0.000996798 7.58014e-05 -2.61125e-05 0.201288 
6.87872e-05 0.000641302 -0.000764218 0.0772144 
-4.11831e-05 -0.000763554 -0.000644447 1.53652 
0 0 0 1 

odwalla_jug.ply
-0.00099877 4.98035e-05 2.85643e-06 0.0257335 
3.01469e-05 0.00064821 -0.000760885 0.330014 
-3.97452e-05 -0.000759847 -0.000648903 1.26088 
0 0 0 1 

all-small.ply
3.80596e-05 0.000999283 2.10322e-06 -0.442956 
0.000658361 -2.34898e-05 -0.000752341 0.215429 
-0.000751747 3.00183e-05 -0.000658779 1.38827 
0 0 0 1 

