no_occlusions/frame_20111220T113348.634453.pcd
4
1.7
tide.ply
-0.000812829 0.000580558 -4.80025e-05 -0.344427 
0.00045001 0.000573445 -0.0006846 0.190999 
-0.000369917 -0.000578054 -0.000727359 1.16493 
0 0 0 1 

200.572.55.ply
-0.000564194 0.000821981 7.78005e-05 0.00325499 
-0.000599308 -0.000472516 0.0006462 0.0918628 
0.00056792 0.000317953 0.000759208 1.116 
0 0 0 1 

963.111.00.dec.ply
2.89735e-05 0.00099946 1.61139e-05 0.263139 
-0.000705619 9.02892e-06 0.000708556 -0.0654789 
0.000708015 -3.18977e-05 0.000705495 1.08196 
0 0 0 1 

000.921.13.dec.ply
0.000805433 0.000588162 7.31831e-05 0.0573621 
-0.000470506 0.000559398 0.000682447 -0.166474 
0.000360445 -0.00058409 0.000727282 1.34699 
0 0 0 1 

