no_occlusions/frame_20111221T141346.966401.pcd
3
1.5
tilex_spray_bottle.ply
-0.000799935 -0.000595857 -7.13369e-05 0.207576 
-0.000237145 0.000423068 -0.000874535 0.123342 
0.000551264 -0.000682638 -0.000479721 1.35264 
0 0 0 1 

all.ply
0.000237641 -0.000971009 -2.61978e-05 -0.0447553 
-0.000439036 -8.33106e-05 -0.000894611 0.276758 
0.000866487 0.000224095 -0.000446104 1.08399 
0 0 0 1 

milk_carton.ply
-0.000969209 0.000240924 -5.11096e-05 -0.280319 
0.00016197 0.00046719 -0.000869215 0.195801 
-0.000185533 -0.000850715 -0.00049182 1.244 
0 0 0 1 

