no_occlusions/frame_20111221T141322.523816.pcd
3
1.2
tilex_spray_bottle.ply
0.000894275 0.000447426 1.02107e-05 -0.229189 
0.000297799 -0.000577872 -0.000759875 0.121822 
-0.000334084 0.000682571 -0.000650011 0.854112 
0 0 0 1 

all.ply
-0.000236623 0.00097156 -1.07866e-05 -0.00537282 
0.000674396 0.000156239 -0.000721676 -0.115569 
-0.000699457 -0.000178037 -0.000692171 1.08939 
0 0 0 1 

milk_carton.ply
0.000949611 -0.000312534 2.4106e-05 0.242512 
-0.000186412 -0.000624877 -0.00075816 -0.00206833 
0.000252011 0.000715454 -0.000651641 0.975308 
0 0 0 1 

