no_occlusions/frame_20111220T111651.296752.pcd
3
1.6
500.312.83.dec.ply
0.0006024 0.000798104 1.2702e-05 -0.204993 
-0.000382678 0.000274802 0.000882076 -0.0894268 
0.000700492 -0.000536219 0.000470954 1.30689 
0 0 0 1 

000.921.13.dec.ply
0.000784873 0.000619384 1.86085e-05 -0.155099 
-0.000324581 0.000385347 0.000863806 0.157264 
0.000527856 -0.000684023 0.000503488 0.954963 
0 0 0 1 

801.348.21.dec.ply
-0.000941884 -0.000335956 -1.27428e-06 0.209329 
0.000174209 -0.00049165 0.00085319 0.0331728 
-0.000287261 0.000803381 0.000521595 1.08256 
0 0 0 1 

