no_occlusions/frame_20111221T141721.323756.pcd
3
1.7
simple_green.ply
2.16586e-05 0.000999779 4.46514e-06 0.27596 
0.00070015 -1.19797e-05 -0.00071392 -0.082252 
-0.000713693 1.85885e-05 -0.00070024 1.34207 
0 0 0 1 

red_mug.ply
-0.00025748 0.00096579 3.13127e-05 -0.269742 
-0.000672374 -0.00020234 0.00071204 -0.120244 
0.000694004 0.000162279 0.000701461 1.23718 
0 0 0 1 

suave-3in1.ply
0.000992511 -0.00012217 -3.4472e-06 0.0118553 
-8.88526e-05 -0.000701894 -0.000706729 0.164032 
8.39205e-05 0.000701733 -0.000707486 1.12632 
0 0 0 1 

