no_occlusions/milk_cartoon_all_small_clorox.pcd
3
1.2
clorox.ply
-0.000400362 -0.000916251 -1.4596e-05 0.176793 
-0.000517944 0.000239404 -0.000821243 -0.00128404 
0.000755961 -0.000321237 -0.000570405 0.807419 
0 0 0 1 

all-small.ply
-0.000255328 -0.00096647 -2.77538e-05 -0.233435 
-0.000519059 0.000161235 -0.000839406 0.051691 
0.000815722 -0.000199918 -0.000542814 0.726231 
0 0 0 1 

milk_carton.ply
-0.000984633 0.000171897 -3.11825e-05 -0.063106 
0.000125858 0.000574163 -0.000809023 -0.0381425 
-0.000121164 -0.000800508 -0.000586967 0.874857 
0 0 0 1 

