no_occlusions/mix3.pcd
4
1.2
701.330.68.dec.ply
-0.000152052 -0.000988364 -7.1789e-06 -0.0297424 
-0.000534463 8.83288e-05 -0.000840578 -0.0639849 
0.000831416 -0.000123973 -0.000541675 0.903545 
0 0 0 1 

orange_juice_jug.ply
-0.000126534 0.000991731 -2.18202e-05 0.232059 
0.000536025 4.98489e-05 -0.000842739 0.0400521 
-0.000834702 -0.000118332 -0.000537888 0.76212 
0 0 0 1 

001.172.98.dec.ply
-0.000170548 0.00024982 -0.000953172 -0.04546 
0.00021435 -0.000934763 -0.000283354 0.0810622 
-0.000961765 -0.000252636 0.000105871 0.65528 
0 0 0 1 

tide.ply
-0.000928707 0.000370088 -2.38317e-05 -0.287421 
0.000236894 0.000542567 -0.000805939 -0.00808292 
-0.000285335 -0.000754112 -0.00059155 0.812504 
0 0 0 1 

