no_occlusions/pitcher_mug_simple_green.pcd
3
1.2
simple_green.ply
0.000232459 -0.000972619 -2.94557e-06 0.142417 
-0.000560405 -0.000131464 -0.000817733 0.0170132 
0.000794936 0.000191738 -0.000575617 0.791888 
0 0 0 1 

242.09.6219-pitcher.ply
-7.47418e-05 -0.000996192 -4.52103e-05 -0.161229 
-0.000538473 7.84796e-05 -0.000838994 -0.0232175 
0.000839339 -3.83654e-05 -0.000542285 0.845979 
0 0 0 1 

red_mug.ply
-0.00099411 0.000108356 5.16202e-06 -0.0574925 
-5.5896e-05 -0.000552323 0.000831763 0.025574 
9.29745e-05 0.000826572 0.00055512 0.567405 
0 0 0 1 

