no_occlusions/scene1.pcd
4
1.2
963.111.00.dec.ply
-0.000111632 -0.000993768 3.17435e-06 -0.000736013 
-0.000537085 5.76438e-05 -0.000841574 -0.087646 
0.000836121 -9.56487e-05 -0.000540163 0.935447 
0 0 0 1 

orange_juice_jug.ply
-0.000684608 0.000728906 -4.90735e-06 -0.188621 
0.000390994 0.00036154 -0.000846427 0.0719566 
-0.000615189 -0.000581384 -0.000532504 0.710814 
0 0 0 1 

001.172.98.dec.ply
0.0009486 -0.0003164 -8.91469e-06 0.0169024 
-0.000282148 -0.000857994 0.000429255 0.0169864 
-0.000143463 -0.00040467 -0.000903151 0.738727 
0 0 0 1 

red_mug.ply
-0.000680918 0.000732358 5.90892e-06 0.248569 
-0.000390332 -0.000369724 0.000843189 -0.0106492 
0.000619691 0.000571837 0.000537611 0.625392 
0 0 0 1 

