no_occlusions/scene3.pcd
7
1.3
all.ply
-0.000308266 0.00095131 1.73961e-07 0.29318 
0.000546086 0.000177104 -0.000818806 -0.122739 
-0.000778966 -0.000252311 -0.000574083 0.986526 
0 0 0 1 

milk_carton.ply
-0.000795709 0.000605665 -4.38397e-06 -0.275481 
0.000362004 0.000469767 -0.000805163 0.0861853 
-0.000485596 -0.000642264 -0.000593053 0.698653 
0 0 0 1 

963.111.00.dec.ply
-9.71049e-05 -0.000995273 -5.31725e-06 0.0345649 
-0.000525742 5.58307e-05 -0.000848817 -0.0915877 
0.000845091 -7.96286e-05 -0.000528678 0.946299 
0 0 0 1 

001.172.98.dec.ply
7.04007e-05 0.000997326 1.9601e-05 0.0248961 
-0.000553962 2.27472e-05 0.00083224 -0.063604 
0.00082956 -6.94473e-05 0.00055408 0.729074 
0 0 0 1 

orange_juice_jug.ply
0.000255292 0.000387188 -0.000885963 -0.088045 
0.000957595 2.54155e-05 0.000287037 -0.21307 
0.000133651 -0.000921669 -0.000364276 0.986377 
0 0 0 1 

100.922.16.ply
1.01769e-05 -2.33552e-05 0.000999684 -0.0575602 
0.000452428 -0.000891447 -2.54328e-05 0.124099 
0.00089175 0.000452539 1.49437e-06 0.551431 
0 0 0 1 

all-small.ply
-0.000571452 0.000820651 -1.31534e-06 0.304155 
0.000485457 0.000336752 -0.00080681 0.0531438 
-0.000661664 -0.000461687 -0.000590815 0.730067 
0 0 0 1 

