no_occlusions/scene0.pcd
3
1.2
963.111.00.dec.ply
-0.000194458 0.000312209 0.000929917 -0.157891 
0.000972028 0.000188721 0.000139902 -0.0809255 
-0.000131811 0.000931098 -0.00034017 0.861984 
0 0 0 1 

red_mug.ply
-0.000678671 0.000734445 3.95432e-06 0.248611 
-0.000398441 -0.00037269 0.000838075 -0.0100598 
0.000616983 0.000567208 0.000545559 0.623928 
0 0 0 1 

orange_juice_jug.ply
-0.000693139 0.000720785 -7.49962e-06 -0.18859 
0.000388326 0.000364627 -0.000846335 0.0718093 
-0.000607281 -0.000589531 -0.000532624 0.71184 
0 0 0 1 

